0.000000 -1639.241813 
0.005000 -1639.241813 
0.010000 -1639.241813 
0.015000 -1639.241813 
0.020000 -1639.241813 
0.025000 -1639.241813 
0.030000 -1639.241813 
0.035000 -1639.241813 
0.040000 -1639.241813 
0.045000 -1639.241813 
0.050000 -1639.241813 
0.055000 -1639.241813 
0.060000 -1639.241813 
0.065000 -1639.241813 
0.070000 -1639.241813 
0.075000 -1639.241813 
0.080000 -1639.241813 
0.085000 -1639.241813 
0.090000 -1639.241813 
0.095000 -1639.241813 
0.100000 -1639.241813 
0.105000 -1639.241813 
0.110000 -1639.241813 
0.115000 -1639.241813 
0.120000 -1639.241813 
0.125000 -1639.241813 
0.130000 -1639.241813 
0.135000 -1639.241813 
0.140000 -1639.241813 
0.145000 -1639.241813 
0.150000 -1639.241813 
0.155000 -1639.241813 
0.160000 -1639.241813 
0.165000 -1639.241813 
0.170000 -1639.241813 
0.175000 -1639.241813 
0.180000 -1639.241813 
0.185000 -1639.241813 
0.190000 -1639.241813 
0.195000 -1639.241813 
0.200000 -1639.241813 
0.205000 -1639.241813 
0.210000 -1639.241813 
0.215000 -1639.241813 
0.220000 -1639.241813 
0.225000 -1639.241813 
0.230000 -1639.241813 
0.235000 -1639.241813 
0.240000 -1639.241813 
0.245000 -1639.241813 
0.250000 -1639.241813 
0.255000 -1639.241813 
0.260000 -1639.241813 
0.265000 -1639.241813 
0.270000 -1639.241813 
0.275000 -1639.241813 
0.280000 -1639.241813 
0.285000 -1639.241813 
0.290000 -1639.241813 
0.295000 -1639.241813 
0.300000 -1639.241813 
0.305000 -1639.241813 
0.310000 -1639.241813 
0.315000 -1639.241813 
0.320000 -1639.241813 
0.325000 -1639.241813 
0.330000 -1639.241813 
0.335000 -1639.241813 
0.340000 -1639.241813 
0.345000 -1639.241813 
0.350000 -1639.241813 
0.355000 -1639.241813 
0.360000 -1639.241813 
0.365000 -1639.241813 
0.370000 -1639.241813 
0.375000 -1639.241813 
0.380000 -1639.241813 
0.385000 -1639.241813 
0.390000 -1639.241813 
0.395000 -1639.241813 
0.400000 -1639.241813 
0.405000 -1639.241813 
0.410000 -1639.241813 
0.415000 -1639.241813 
0.420000 -1639.241813 
0.425000 -1639.241813 
0.430000 -1639.241813 
0.435000 -1639.241813 
0.440000 -1639.241813 
0.445000 -1639.241813 
0.450000 -1639.241813 
0.455000 -1639.241813 
0.460000 -1639.241813 
0.465000 -1639.241813 
0.470000 -1639.241813 
0.475000 -1639.241813 
0.480000 -1639.241813 
0.485000 -1639.241813 
0.490000 -1639.241813 
0.495000 -1639.241813 
0.500000 -1639.241813 
0.505000 -1639.113035 
0.510000 -1638.593181 
0.515000 -1637.692394 
0.520000 -1636.381126 
0.525000 -1634.592932 
0.530000 -1632.226850 
0.535000 -1629.150012 
0.540000 -1625.201310 
0.545000 -1620.197157 
0.550000 -1613.940681 
0.555000 -1606.235787 
0.560000 -1596.907471 
0.565000 -1585.829220 
0.570000 -1572.957027 
0.575000 -1558.367121 
0.580000 -1542.291316 
0.585000 -1525.140373 
0.590000 -1507.503862 
0.595000 -1490.116461 
0.600000 -1473.788158 
0.605000 -1459.307266 
0.610000 -1447.336678 
0.615000 -1438.329053 
0.620000 -1432.482073 
0.625000 -1429.741277 
0.630000 -1429.843945 
0.635000 -1432.387427 
0.640000 -1436.902339 
0.645000 -1442.917171 
0.650000 -1450.005898 
0.655000 -1457.816369 
0.660000 -1466.082905 
0.665000 -1474.625582 
0.670000 -1483.337105 
0.675000 -1492.158283 
0.680000 -1501.048874 
0.685000 -1509.955197 
0.690000 -1518.785112 
0.695000 -1527.398650 
0.700000 -1535.616453 
0.705000 -1543.239113 
0.710000 -1550.075270 
0.715000 -1555.964334 
0.720000 -1560.794193 
0.725000 -1564.509959 
0.730000 -1567.114300 
0.735000 -1568.659798 
0.740000 -1569.238399 
0.745000 -1568.967063 
0.750000 -1567.976205 
0.755000 -1566.397555 
0.760000 -1564.357104 
0.765000 -1561.969831 
0.770000 -1559.337240 
0.775000 -1556.544412 
0.780000 -1553.656732 
0.785000 -1550.716327 
0.790000 -1547.741958 
0.795000 -1544.731016 
0.800000 -1541.669841 
0.805000 -1538.545557 
0.810000 -1535.360187 
0.815000 -1532.142234 
0.820000 -1528.950715 
0.825000 -1525.871897 
0.830000 -1523.006600 
0.835000 -1520.451683 
0.840000 -1518.279928 
0.845000 -1516.526862 
0.850000 -1515.189222 
0.855000 -1514.236295 
0.860000 -1513.629324 
0.865000 -1513.341175 
0.870000 -1513.368933 
0.875000 -1513.734873 
0.880000 -1514.476788 
0.885000 -1515.630431 
0.890000 -1517.208608 
0.895000 -1519.183126 
0.900000 -1521.475663 
0.905000 -1523.959477 
0.910000 -1526.472420 
0.915000 -1528.835179 
0.920000 -1530.868393 
0.925000 -1532.402829 
0.930000 -1533.285173 
0.935000 -1533.386140 
0.940000 -1532.626560 
0.945000 -1531.029755 
0.950000 -1528.791417 
0.955000 -1526.329712 
0.960000 -1524.231329 
0.965000 -1523.026046 
0.970000 -1522.869240 
0.975000 -1523.396850 
0.980000 -1523.919291 
0.985000 -1523.801504 
0.990000 -1522.751001 
0.995000 -1520.902290 
1.000000 -1518.741130 
1.005000 -1515.659215 
1.010000 -1512.396894 
1.015000 -1509.737998 
1.020000 -1508.025399 
1.025000 -1507.127333 
1.030000 -1506.620209 
1.035000 -1506.035272 
1.040000 -1505.024284 
1.045000 -1503.417641 
1.050000 -1501.228569 
1.055000 -1498.635014 
1.060000 -1495.943503 
1.065000 -1493.524285 
1.070000 -1491.722946 
1.075000 -1490.767187 
1.080000 -1490.703287 
1.085000 -1491.392705 
1.090000 -1492.565092 
1.095000 -1493.898688 
1.100000 -1495.089494 
1.105000 -1495.896002 
1.110000 -1496.156564 
1.115000 -1495.785956 
1.120000 -1494.751203 
1.125000 -1493.041940 
1.130000 -1490.655330 
1.135000 -1487.608372 
1.140000 -1483.963677 
1.145000 -1479.839199 
1.150000 -1475.379928 
1.155000 -1470.709527 
1.160000 -1465.910668 
1.165000 -1461.063040 
1.170000 -1456.319973 
1.175000 -1451.966478 
1.180000 -1448.396644 
1.185000 -1446.001724 
1.190000 -1444.997495 
1.195000 -1445.296701 
1.200000 -1446.536055 
1.205000 -1448.248611 
1.210000 -1450.056277 
1.215000 -1451.768982 
1.220000 -1453.373318 
1.225000 -1454.956176 
1.230000 -1456.618065 
1.235000 -1458.419507 
1.240000 -1460.378710 
1.245000 -1462.498072 
1.250000 -1464.782189 
1.255000 -1467.231187 
1.260000 -1469.818134 
1.265000 -1472.466524 
1.270000 -1475.050059 
1.275000 -1477.412863 
1.280000 -1479.408720 
1.285000 -1480.953031 
1.290000 -1482.061929 
1.295000 -1482.831880 
1.300000 -1483.345127 
1.305000 -1483.584021 
1.310000 -1483.462141 
1.315000 -1482.949712 
1.320000 -1482.150437 
1.325000 -1481.257893 
1.330000 -1480.452121 
1.335000 -1479.824416 
1.340000 -1479.361111 
1.345000 -1478.973003 
1.350000 -1478.551203 
1.355000 -1478.021218 
1.360000 -1477.370243 
1.365000 -1476.638804 
1.370000 -1475.886427 
1.375000 -1475.157188 
1.380000 -1474.453925 
1.385000 -1473.731920 
1.390000 -1472.920463 
1.395000 -1471.980270 
1.400000 -1470.977762 
1.405000 -1470.122769 
1.410000 -1469.718040 
1.415000 -1470.022152 
1.420000 -1471.104198 
1.425000 -1472.795002 
1.430000 -1474.765725 
1.435000 -1476.663868 
1.440000 -1478.216006 
1.445000 -1479.261221 
1.450000 -1479.732909 
1.455000 -1479.622444 
1.460000 -1478.949358 
1.465000 -1477.747660 
1.470000 -1476.063107 
1.475000 -1473.957370 
1.480000 -1471.518214 
1.485000 -1468.866829 
1.490000 -1466.157628 
1.495000 -1463.565717 
1.500000 -1461.257026 
1.505000 -1458.882254 
1.510000 -1456.463735 
1.515000 -1454.026527 
1.520000 -1451.580213 
1.525000 -1449.156059 
1.530000 -1446.835339 
1.535000 -1444.751039 
1.540000 -1443.061384 
1.545000 -1441.904012 
1.550000 -1441.352203 
1.555000 -1441.392339 
1.560000 -1441.927068 
1.565000 -1442.801791 
1.570000 -1443.838963 
1.575000 -1444.867629 
1.580000 -1445.740756 
1.585000 -1446.340576 
1.590000 -1446.579740 
1.595000 -1446.405604 
1.600000 -1445.808490 
1.605000 -1444.824489 
1.610000 -1443.526499 
1.615000 -1442.009985 
1.620000 -1440.382057 
1.625000 -1438.763795 
1.630000 -1437.289553 
1.635000 -1436.088943 
1.640000 -1435.247650 
1.645000 -1434.765284 
1.650000 -1434.543337 
1.655000 -1434.416461 
1.660000 -1434.222735 
1.665000 -1433.885573 
1.670000 -1433.469535 
1.675000 -1433.159388 
1.680000 -1433.130986 
1.685000 -1433.380486 
1.690000 -1433.672357 
1.695000 -1433.668349 
1.700000 -1433.103635 
1.705000 -1431.868201 
1.710000 -1429.993789 
1.715000 -1427.605733 
1.720000 -1424.884868 
1.725000 -1422.045284 
1.730000 -1419.322614 
1.735000 -1416.966346 
1.740000 -1415.222261 
1.745000 -1414.279720 
1.750000 -1414.194380 
1.755000 -1414.856004 
1.760000 -1416.061244 
1.765000 -1417.647256 
1.770000 -1419.543439 
1.775000 -1421.672366 
1.780000 -1423.816867 
1.785000 -1425.631136 
1.790000 -1426.799421 
1.795000 -1427.186978 
1.800000 -1426.872778 
1.805000 -1426.080995 
1.810000 -1425.073097 
1.815000 -1424.052894 
1.820000 -1423.120679 
1.825000 -1422.273503 
1.830000 -1421.438395 
1.835000 -1420.528221 
1.840000 -1419.502220 
1.845000 -1418.397132 
1.850000 -1417.312282 
1.855000 -1416.374274 
1.860000 -1415.737443 
1.865000 -1415.608524 
1.870000 -1416.214640 
1.875000 -1417.697653 
1.880000 -1420.029809 
1.885000 -1423.033888 
1.890000 -1426.469796 
1.895000 -1430.095895 
1.900000 -1433.676088 
1.905000 -1436.970431 
1.910000 -1439.744067 
1.915000 -1441.797722 
1.920000 -1442.999788 
1.925000 -1443.313076 
1.930000 -1442.812123 
1.935000 -1441.683938 
1.940000 -1440.198327 
1.945000 -1438.641220 
1.950000 -1437.227326 
1.955000 -1436.035581 
1.960000 -1435.003060 
1.965000 -1433.974686 
1.970000 -1432.771762 
1.975000 -1431.245730 
1.980000 -1429.309350 
1.985000 -1426.946925 
1.990000 -1424.205420 
1.995000 -1421.180531 
2.000000 -1418.008390 
2.005000 -1414.372277 
2.010000 -1410.514187 
2.015000 -1406.795915 
2.020000 -1403.559123 
2.025000 -1400.968026 
2.030000 -1398.919784 
2.035000 -1397.100139 
2.040000 -1395.140576 
2.045000 -1392.767307 
2.050000 -1389.890411 
2.055000 -1386.661184 
2.060000 -1383.523557 
2.065000 -1381.172728 
2.070000 -1380.260917 
2.075000 -1380.957637 
2.080000 -1382.832496 
2.085000 -1385.222344 
2.090000 -1387.643639 
2.095000 -1389.914776 
2.100000 -1392.061902 
2.105000 -1394.177722 
2.110000 -1396.313818 
2.115000 -1398.428333 
2.120000 -1400.395778 
2.125000 -1402.059011 
2.130000 -1403.288865 
2.135000 -1404.033044 
2.140000 -1404.353632 
2.145000 -1404.446610 
2.150000 -1404.610788 
2.155000 -1405.128672 
2.160000 -1406.107996 
2.165000 -1407.402329 
2.170000 -1408.684954 
2.175000 -1409.604366 
2.180000 -1409.907562 
2.185000 -1409.486962 
2.190000 -1408.373133 
2.195000 -1406.705618 
2.200000 -1404.691017 
2.205000 -1402.549241 
2.210000 -1400.456978 
2.215000 -1398.516013 
2.220000 -1396.770858 
2.225000 -1395.261975 
2.230000 -1394.070177 
2.235000 -1393.318876 
2.240000 -1393.130295 
2.245000 -1393.560808 
2.250000 -1394.548136 
2.255000 -1395.896616 
2.260000 -1397.311651 
2.265000 -1398.470596 
2.270000 -1399.101494 
2.275000 -1399.037770 
2.280000 -1398.242637 
2.285000 -1396.810019 
2.290000 -1394.953918 
2.295000 -1392.986652 
2.300000 -1391.262033 
2.305000 -1390.079634 
2.310000 -1389.591993 
2.315000 -1389.778107 
2.320000 -1390.493042 
2.325000 -1391.539332 
2.330000 -1392.717275 
2.335000 -1393.854395 
2.340000 -1394.835350 
2.345000 -1395.624263 
2.350000 -1396.252261 
2.355000 -1396.759777 
2.360000 -1397.129136 
2.365000 -1397.275323 
2.370000 -1397.134219 
2.375000 -1396.800242 
2.380000 -1396.596764 
2.385000 -1396.965015 
2.390000 -1398.166809 
2.395000 -1400.023858 
2.400000 -1401.970593 
2.405000 -1403.380026 
2.410000 -1403.858179 
2.415000 -1403.336924 
2.420000 -1402.011205 
2.425000 -1400.223138 
2.430000 -1398.353832 
2.435000 -1396.739238 
2.440000 -1395.616239 
2.445000 -1395.092269 
2.450000 -1395.137656 
2.455000 -1395.607620 
2.460000 -1396.287699 
2.465000 -1396.947993 
2.470000 -1397.392802 
2.475000 -1397.503911 
2.480000 -1397.274498 
2.485000 -1396.824733 
2.490000 -1396.372238 
2.495000 -1396.146350 
2.500000 -1396.285882 
2.505000 -1396.696222 
2.510000 -1397.187683 
2.515000 -1397.700275 
2.520000 -1398.176632 
2.525000 -1398.510766 
2.530000 -1398.523530 
2.535000 -1398.005056 
2.540000 -1396.798320 
2.545000 -1394.868159 
2.550000 -1392.312823 
2.555000 -1389.325240 
2.560000 -1386.136139 
2.565000 -1382.975783 
2.570000 -1380.061821 
2.575000 -1377.596967 
2.580000 -1375.759126 
2.585000 -1374.681352 
2.590000 -1374.432319 
2.595000 -1375.013306 
2.600000 -1376.377609 
2.605000 -1378.456980 
2.610000 -1381.167897 
2.615000 -1384.385778 
2.620000 -1387.912587 
2.625000 -1391.476179 
2.630000 -1394.772374 
2.635000 -1397.522234 
2.640000 -1399.512417 
2.645000 -1400.614738 
2.650000 -1400.806727 
2.655000 -1400.199800 
2.660000 -1399.053544 
2.665000 -1397.743133 
2.670000 -1396.669389 
2.675000 -1396.156562 
2.680000 -1396.395269 
2.685000 -1397.429985 
2.690000 -1399.147150 
2.695000 -1401.271131 
2.700000 -1403.424506 
2.705000 -1405.249260 
2.710000 -1406.521616 
2.715000 -1407.204600 
2.720000 -1407.436865 
2.725000 -1407.478108 
2.730000 -1407.618048 
2.735000 -1408.057309 
2.740000 -1408.799529 
2.745000 -1409.625202 
2.750000 -1410.187288 
2.755000 -1410.171286 
2.760000 -1409.420608 
2.765000 -1407.963243 
2.770000 -1405.963146 
2.775000 -1403.660817 
2.780000 -1401.338403 
2.785000 -1399.284109 
2.790000 -1397.730296 
2.795000 -1396.782694 
2.800000 -1396.397650 
2.805000 -1396.426803 
2.810000 -1396.694847 
2.815000 -1397.063801 
2.820000 -1397.465627 
2.825000 -1397.914152 
2.830000 -1398.500829 
2.835000 -1399.367397 
2.840000 -1400.653404 
2.845000 -1402.441133 
2.850000 -1404.726388 
2.855000 -1407.422369 
2.860000 -1410.372455 
2.865000 -1413.358539 
2.870000 -1416.113724 
2.875000 -1418.354860 
2.880000 -1419.833772 
2.885000 -1420.387029 
2.890000 -1419.961094 
2.895000 -1418.605608 
2.900000 -1416.438256 
2.905000 -1413.597107 
2.910000 -1410.197483 
2.915000 -1406.310204 
2.920000 -1401.964579 
2.925000 -1397.176344 
2.930000 -1391.984694 
2.935000 -1386.482045 
2.940000 -1380.826196 
2.945000 -1375.231587 
2.950000 -1369.944553 
2.955000 -1365.216009 
2.960000 -1361.286323 
2.965000 -1358.382951 
2.970000 -1356.721219 
2.975000 -1356.489925 
2.980000 -1357.817479 
2.985000 -1360.721537 
2.990000 -1365.058889 
2.995000 -1370.487604 
3.000000 -1376.467108 
3.005000 -1382.388534 
3.010000 -1387.275131 
3.015000 -1390.668539 
3.020000 -1392.403446 
3.025000 -1392.600988 
3.030000 -1391.584965 
3.035000 -1389.768286 
3.040000 -1387.549269 
3.045000 -1385.241079 
3.050000 -1383.040345 
3.055000 -1381.033692 
3.060000 -1379.237629 
3.065000 -1377.653439 
3.070000 -1376.305692 
3.075000 -1375.244917 
3.080000 -1374.527228 
3.085000 -1374.204701 
3.090000 -1374.333504 
3.095000 -1374.959770 
3.100000 -1376.061798 
3.105000 -1377.505282 
3.110000 -1379.076011 
3.115000 -1380.588525 
3.120000 -1381.982120 
3.125000 -1383.315828 
3.130000 -1384.666172 
3.135000 -1386.023478 
3.140000 -1387.278017 
3.145000 -1388.288349 
3.150000 -1388.948960 
3.155000 -1389.198199 
3.160000 -1388.981996 
3.165000 -1388.237863 
3.170000 -1386.936900 
3.175000 -1385.162087 
3.180000 -1383.149910 
3.185000 -1381.230076 
3.190000 -1379.662762 
3.195000 -1378.467158 
3.200000 -1377.387174 
3.205000 -1376.068821 
3.210000 -1374.345617 
3.215000 -1372.413690 
3.220000 -1370.757873 
3.225000 -1369.887091 
3.230000 -1370.068872 
3.235000 -1371.245288 
3.240000 -1373.147074 
3.245000 -1375.478029 
3.250000 -1378.034398 
3.255000 -1380.723977 
3.260000 -1383.521132 
3.265000 -1386.409313 
3.270000 -1389.337130 
3.275000 -1392.197109 
3.280000 -1394.823922 
3.285000 -1397.021941 
3.290000 -1398.614868 
3.295000 -1399.497224 
3.300000 -1399.658975 
3.305000 -1399.170352 
3.310000 -1398.140107 
3.315000 -1396.677407 
3.320000 -1394.880068 
3.325000 -1392.851384 
3.330000 -1390.719061 
3.335000 -1388.631215 
3.340000 -1386.719777 
3.345000 -1385.051357 
3.350000 -1383.601708 
3.355000 -1382.278447 
3.360000 -1380.974000 
3.365000 -1379.611246 
3.370000 -1378.159321 
3.375000 -1376.632718 
3.380000 -1375.086348 
3.385000 -1373.610139 
3.390000 -1372.320787 
3.395000 -1371.343761 
3.400000 -1370.783182 
3.405000 -1370.684231 
3.410000 -1371.004948 
3.415000 -1371.613345 
3.420000 -1372.314856 
3.425000 -1372.901965 
3.430000 -1373.211965 
3.435000 -1373.175702 
3.440000 -1372.832809 
3.445000 -1372.303284 
3.450000 -1371.730359 
3.455000 -1371.232788 
3.460000 -1370.891338 
3.465000 -1370.763674 
3.470000 -1370.902149 
3.475000 -1371.362722 
3.480000 -1372.204802 
3.485000 -1373.491900 
3.490000 -1375.289955 
3.495000 -1377.644992 
3.500000 -1380.538406 
3.505000 -1383.850621 
3.510000 -1387.396277 
3.515000 -1390.857820 
3.520000 -1393.854683 
3.525000 -1396.005791 
3.530000 -1397.019243 
3.535000 -1396.757220 
3.540000 -1395.251815 
3.545000 -1392.697592 
3.550000 -1389.445033 
3.555000 -1385.989500 
3.560000 -1382.923834 
3.565000 -1380.834887 
3.570000 -1380.156164 
3.575000 -1381.027717 
3.580000 -1383.242406 
3.585000 -1386.324895 
3.590000 -1389.706540 
3.595000 -1392.896202 
3.600000 -1395.570382 
3.605000 -1397.578338 
3.610000 -1398.899193 
3.615000 -1399.586998 
3.620000 -1399.717127 
3.625000 -1399.342752 
3.630000 -1398.470327 
3.635000 -1397.063870 
3.640000 -1395.077747 
3.645000 -1392.508965 
3.650000 -1389.439993 
3.655000 -1386.041900 
3.660000 -1382.525305 
3.665000 -1379.072125 
3.670000 -1375.809472 
3.675000 -1372.851672 
3.680000 -1370.357028 
3.685000 -1368.520352 
3.690000 -1367.482057 
3.695000 -1367.219653 
3.700000 -1367.505883 
3.705000 -1367.960921 
3.710000 -1368.165420 
3.715000 -1367.793265 
3.720000 -1366.766276 
3.725000 -1365.445625 
3.730000 -1364.739141 
3.735000 -1365.766544 
3.740000 -1368.982364 
3.745000 -1373.654394 
3.750000 -1378.430090 
3.755000 -1382.189841 
3.760000 -1384.344899 
3.765000 -1384.730521 
3.770000 -1383.465061 
3.775000 -1380.882248 
3.780000 -1377.491796 
3.785000 -1373.896752 
3.790000 -1370.643165 
3.795000 -1368.059626 
3.800000 -1366.187250 
3.805000 -1364.857709 
3.810000 -1363.888643 
3.815000 -1363.280682 
3.820000 -1363.266906 
3.825000 -1364.131282 
3.830000 -1365.919268 
3.835000 -1368.337058 
3.840000 -1370.956885 
3.845000 -1373.487357 
3.850000 -1375.857841 
3.855000 -1378.121911 
3.860000 -1380.314560 
3.865000 -1382.371328 
3.870000 -1384.134975 
3.875000 -1385.423475 
3.880000 -1386.102741 
3.885000 -1386.121181 
3.890000 -1385.500900 
3.895000 -1384.318683 
3.900000 -1382.716313 
3.905000 -1380.941959 
3.910000 -1379.375613 
3.915000 -1378.473103 
3.920000 -1378.608328 
3.925000 -1379.877497 
3.930000 -1382.006849 
3.935000 -1384.458132 
3.940000 -1386.658817 
3.945000 -1388.192775 
3.950000 -1388.870576 
3.955000 -1388.702730 
3.960000 -1387.835533 
3.965000 -1386.489154 
3.970000 -1384.913732 
3.975000 -1383.350502 
3.980000 -1381.983343 
3.985000 -1380.900858 
3.990000 -1380.112361 
3.995000 -1379.631234 
4.000000 -1379.568791 
4.005000 -1380.143370 
4.010000 -1381.581374 
4.015000 -1383.948272 
4.020000 -1387.021901 
4.025000 -1390.328654 
4.030000 -1393.315408 
4.035000 -1395.532565 
4.040000 -1396.731630 
4.045000 -1396.860674 
4.050000 -1395.997365 
4.055000 -1394.278750 
4.060000 -1391.868541 
4.065000 -1388.969075 
4.070000 -1385.847282 
4.075000 -1382.831136 
4.080000 -1380.249177 
4.085000 -1378.329280 
4.090000 -1377.115507 
4.095000 -1376.447402 
4.100000 -1376.009753 
4.105000 -1375.426655 
4.110000 -1374.365413 
4.115000 -1372.620087 
4.120000 -1370.151866 
4.125000 -1367.085418 
4.130000 -1363.681639 
4.135000 -1360.304116 
4.140000 -1357.384179 
4.145000 -1355.377247 
4.150000 -1354.702565 
4.155000 -1355.659816 
4.160000 -1358.343910 
4.165000 -1362.599733 
4.170000 -1368.062588 
4.175000 -1374.280613 
4.180000 -1380.849803 
4.185000 -1387.471590 
4.190000 -1393.895695 
4.195000 -1399.814050 
4.200000 -1404.820338 
4.205000 -1408.478723 
4.210000 -1410.453509 
4.215000 -1410.621722 
4.220000 -1409.130385 
4.225000 -1406.384794 
4.230000 -1402.948398 
4.235000 -1399.367325 
4.240000 -1396.005253 
4.245000 -1393.001587 
4.250000 -1390.372596 
4.255000 -1388.149755 
4.260000 -1386.448728 
4.265000 -1385.447411 
4.270000 -1385.302247 
4.275000 -1386.054834 
4.280000 -1387.573385 
4.285000 -1389.556831 
4.290000 -1391.602346 
4.295000 -1393.312298 
4.300000 -1394.407917 
4.305000 -1394.830873 
4.310000 -1394.797938 
4.315000 -1394.737880 
4.320000 -1395.055261 
4.325000 -1395.839215 
4.330000 -1396.799316 
4.335000 -1397.506819 
4.340000 -1397.678490 
4.345000 -1397.272370 
4.350000 -1396.405533 
4.355000 -1395.221070 
4.360000 -1393.797537 
4.365000 -1392.130232 
4.370000 -1390.169958 
4.375000 -1387.877795 
4.380000 -1385.256389 
4.385000 -1382.350823 
4.390000 -1379.233160 
4.395000 -1375.996642 
4.400000 -1372.753028 
4.405000 -1369.611758 
4.410000 -1366.649881 
4.415000 -1363.935340 
4.420000 -1361.629001 
4.425000 -1360.069945 
4.430000 -1359.690804 
4.435000 -1360.770336 
4.440000 -1363.252001 
4.445000 -1366.797693 
4.450000 -1370.969064 
4.455000 -1375.359686 
4.460000 -1379.641196 
4.465000 -1383.568633 
4.470000 -1386.965950 
4.475000 -1389.689616 
4.480000 -1391.592111 
4.485000 -1392.516310 
4.490000 -1392.341321 
4.495000 -1391.065927 
4.500000 -1388.878689 
4.505000 -1386.252763 
4.510000 -1383.670235 
4.515000 -1381.482282 
4.520000 -1379.765014 
4.525000 -1378.295435 
4.530000 -1376.705812 
4.535000 -1374.716600 
4.540000 -1372.309259 
4.545000 -1369.768066 
4.550000 -1367.600254 
4.555000 -1366.369178 
4.560000 -1366.492956 
4.565000 -1368.084076 
4.570000 -1370.892550 
4.575000 -1374.373412 
4.580000 -1377.854877 
4.585000 -1380.737793 
4.590000 -1382.645478 
4.595000 -1383.487551 
4.600000 -1383.435900 
4.605000 -1382.836005 
4.610000 -1382.070375 
4.615000 -1381.419034 
4.620000 -1380.987822 
4.625000 -1380.756254 
4.630000 -1380.712388 
4.635000 -1380.965912 
4.640000 -1381.752250 
4.645000 -1383.307738 
4.650000 -1385.701303 
4.655000 -1388.754031 
4.660000 -1392.101888 
4.665000 -1395.336712 
4.670000 -1398.128598 
4.675000 -1400.291228 
4.680000 -1401.803098 
4.685000 -1402.796065 
4.690000 -1403.502770 
4.695000 -1404.166130 
4.700000 -1404.942578 
4.705000 -1405.849412 
4.710000 -1406.777655 
4.715000 -1407.550729 
4.720000 -1407.991026 
4.725000 -1407.974410 
4.730000 -1407.470281 
4.735000 -1406.573014 
4.740000 -1405.508292 
4.745000 -1404.591173 
4.750000 -1404.135223 
4.755000 -1404.337881 
4.760000 -1405.194441 
4.765000 -1406.482333 
4.770000 -1407.829428 
4.775000 -1408.842232 
4.780000 -1409.238577 
4.785000 -1408.919261 
4.790000 -1407.957847 
4.795000 -1406.528452 
4.800000 -1404.817719 
4.805000 -1402.961139 
4.810000 -1401.025950 
4.815000 -1399.039913 
4.820000 -1397.032781 
4.825000 -1395.052010 
4.830000 -1393.140306 
4.835000 -1391.296420 
4.840000 -1389.455427 
4.845000 -1387.513275 
4.850000 -1385.389551 
4.855000 -1383.091062 
4.860000 -1380.736561 
4.865000 -1378.532512 
4.870000 -1376.723490 
4.875000 -1375.547429 
4.880000 -1375.201223 
4.885000 -1375.799609 
4.890000 -1377.321500 
4.895000 -1379.574484 
4.900000 -1382.222768 
4.905000 -1384.876981 
4.910000 -1387.198337 
4.915000 -1388.967692 
4.920000 -1390.103731 
4.925000 -1390.637768 
4.930000 -1390.670083 
4.935000 -1390.335159 
4.940000 -1389.778946 
4.945000 -1389.126163 
4.950000 -1388.427731 
4.955000 -1387.652887 
4.960000 -1386.779970 
4.965000 -1385.917417 
4.970000 -1385.311672 
4.975000 -1385.202764 
4.980000 -1385.660284 
4.985000 -1386.550769 
4.990000 -1387.641435 
4.995000 -1388.723093 
5.000000 -1389.651185 
5.005000 -1390.314734 
5.010000 -1390.596889 
5.015000 -1390.381247 
5.020000 -1389.592537 
5.025000 -1388.200043 
5.030000 -1386.200097 
5.035000 -1383.619517 
5.040000 -1380.552141 
5.045000 -1377.207211 
5.050000 -1373.936987 
5.055000 -1371.214298 
5.060000 -1369.538911 
5.065000 -1369.286104 
5.070000 -1370.564407 
5.075000 -1373.171806 
5.080000 -1376.675876 
5.085000 -1380.544580 
5.090000 -1384.244537 
5.095000 -1387.300322 
5.100000 -1389.345486 
5.105000 -1390.170230 
5.110000 -1389.742205 
5.115000 -1388.190532 
5.120000 -1385.765457 
5.125000 -1382.791016 
5.130000 -1379.621810 
5.135000 -1376.606196 
5.140000 -1374.054603 
5.145000 -1372.213020 
5.150000 -1371.246392 
5.155000 -1371.232146 
5.160000 -1372.164594 
5.165000 -1373.964037 
5.170000 -1376.493138 
5.175000 -1379.585263 
5.180000 -1383.063259 
5.185000 -1386.717093 
5.190000 -1390.250702 
5.195000 -1393.265466 
5.200000 -1395.340745 
5.205000 -1396.172137 
5.210000 -1395.684509 
5.215000 -1394.067867 
5.220000 -1391.725779 
5.225000 -1389.152779 
5.230000 -1386.780689 
5.235000 -1384.861516 
5.240000 -1383.457508 
5.245000 -1382.539108 
5.250000 -1382.095048 
5.255000 -1382.149362 
5.260000 -1382.676858 
5.265000 -1383.525563 
5.270000 -1384.441828 
5.275000 -1385.171070 
5.280000 -1385.539503 
5.285000 -1385.473315 
5.290000 -1384.973978 
5.295000 -1384.093491 
5.300000 -1382.928701 
5.305000 -1381.627394 
5.310000 -1380.378019 
5.315000 -1379.366331 
5.320000 -1378.713621 
5.325000 -1378.432923 
5.330000 -1378.431908 
5.335000 -1378.557054 
5.340000 -1378.660402 
5.345000 -1378.666438 
5.350000 -1378.606040 
5.355000 -1378.597285 
5.360000 -1378.772947 
5.365000 -1379.196522 
5.370000 -1379.816727 
5.375000 -1380.484222 
5.380000 -1381.013233 
5.385000 -1381.245789 
5.390000 -1381.098155 
5.395000 -1380.586213 
5.400000 -1379.830375 
5.405000 -1379.032092 
5.410000 -1378.418049 
5.415000 -1378.168538 
5.420000 -1378.358464 
5.425000 -1378.938261 
5.430000 -1379.765047 
5.435000 -1380.659078 
5.440000 -1381.459299 
5.445000 -1382.062611 
5.450000 -1382.445086 
5.455000 -1382.662780 
5.460000 -1382.830751 
5.465000 -1383.082252 
5.470000 -1383.522114 
5.475000 -1384.175381 
5.480000 -1384.949946 
5.485000 -1385.643984 
5.490000 -1386.007906 
5.495000 -1385.841350 
5.500000 -1385.079607 
5.505000 -1383.795215 
5.510000 -1382.233096 
5.515000 -1380.759423 
5.520000 -1379.761840 
5.525000 -1379.564084 
5.530000 -1380.327432 
5.535000 -1381.977716 
5.540000 -1384.227297 
5.545000 -1386.706755 
5.550000 -1389.116868 
5.555000 -1391.300118 
5.560000 -1393.205891 
5.565000 -1394.802715 
5.570000 -1396.017623 
5.575000 -1396.746092 
5.580000 -1396.920497 
5.585000 -1396.584238 
5.590000 -1395.924553 
5.595000 -1395.230211 
5.600000 -1394.778891 
5.605000 -1394.706833 
5.610000 -1394.941494 
5.615000 -1395.239119 
5.620000 -1395.292383 
5.625000 -1394.835560 
5.630000 -1393.702042 
5.635000 -1391.832717 
5.640000 -1389.260674 
5.645000 -1386.091104 
5.650000 -1382.478087 
5.655000 -1378.609388 
5.660000 -1374.701709 
5.665000 -1371.008858 
5.670000 -1367.827640 
5.675000 -1365.481186 
5.680000 -1364.261445 
5.685000 -1364.329830 
5.690000 -1365.637122 
5.695000 -1367.940281 
5.700000 -1370.901392 
5.705000 -1374.186136 
5.710000 -1377.524157 
5.715000 -1380.741719 
5.720000 -1383.755890 
5.725000 -1386.512777 
5.730000 -1388.906032 
5.735000 -1390.761273 
5.740000 -1391.921932 
5.745000 -1392.357908 
5.750000 -1392.193879 
5.755000 -1391.641436 
5.760000 -1390.897335 
5.765000 -1390.074600 
5.770000 -1389.183965 
5.775000 -1388.146764 
5.780000 -1386.821722 
5.785000 -1385.056905 
5.790000 -1382.765151 
5.795000 -1379.994465 
5.800000 -1376.927056 
5.805000 -1373.795312 
5.810000 -1370.796271 
5.815000 -1368.096729 
5.820000 -1365.903757 
5.825000 -1364.486092 
5.830000 -1364.086897 
5.835000 -1364.784713 
5.840000 -1366.405555 
5.845000 -1368.556658 
5.850000 -1370.764853 
5.855000 -1372.637810 
5.860000 -1373.968058 
5.865000 -1374.755647 
5.870000 -1375.167929 
5.875000 -1375.472989 
5.880000 -1375.962146 
5.885000 -1376.871180 
5.890000 -1378.309227 
5.895000 -1380.219516 
5.900000 -1382.396380 
5.905000 -1384.553662 
5.910000 -1386.417464 
5.915000 -1387.811195 
5.920000 -1388.701616 
5.925000 -1389.184247 
5.930000 -1389.410595 
5.935000 -1389.496120 
5.940000 -1389.460754 
5.945000 -1389.228700 
5.950000 -1388.668992 
5.955000 -1387.644706 
5.960000 -1386.054462 
5.965000 -1383.870794 
5.970000 -1381.177309 
5.975000 -1378.190385 
5.980000 -1375.231267 
5.985000 -1372.629734 
5.990000 -1370.588858 
5.995000 -1369.083078 
6.000000 -1367.859636 
6.005000 -1366.394046 
6.010000 -1364.275691 
6.015000 -1361.381899 
6.020000 -1357.850188 
6.025000 -1354.074870 
6.030000 -1350.659804 
6.035000 -1348.305664 
6.040000 -1347.613445 
6.045000 -1348.873449 
6.050000 -1351.983901 
6.055000 -1356.539850 
6.060000 -1361.988755 
6.065000 -1367.744466 
6.070000 -1373.240629 
6.075000 -1377.962077 
6.080000 -1381.494570 
6.085000 -1383.601491 
6.090000 -1384.300664 
6.095000 -1383.883689 
6.100000 -1382.841061 
6.105000 -1381.724365 
6.110000 -1381.010217 
6.115000 -1380.996025 
6.120000 -1381.726003 
6.125000 -1382.970684 
6.130000 -1384.295529 
6.135000 -1385.210049 
6.140000 -1385.342527 
6.145000 -1384.561465 
6.150000 -1382.994597 
6.155000 -1380.954576 
6.160000 -1378.816560 
6.165000 -1376.897962 
6.170000 -1375.379669 
6.175000 -1374.307517 
6.180000 -1373.662902 
6.185000 -1373.433613 
6.190000 -1373.617358 
6.195000 -1374.169148 
6.200000 -1374.957846 
6.205000 -1375.776419 
6.210000 -1376.398442 
6.215000 -1376.641684 
6.220000 -1376.406183 
6.225000 -1375.688413 
6.230000 -1374.586676 
6.235000 -1373.303098 
6.240000 -1372.129206 
6.245000 -1371.402844 
6.250000 -1371.441021 
6.255000 -1372.473562 
6.260000 -1374.596136 
6.265000 -1377.751389 
6.270000 -1381.735548 
6.275000 -1386.230441 
6.280000 -1390.852067 
6.285000 -1395.204703 
6.290000 -1398.932057 
6.295000 -1401.759840 
6.300000 -1403.526104 
6.305000 -1404.192164 
6.310000 -1403.838316 
6.315000 -1402.651476 
6.320000 -1400.911927 
6.325000 -1398.980265 
6.330000 -1397.265695 
6.335000 -1396.143386 
6.340000 -1395.798412 
6.345000 -1396.075759 
6.350000 -1396.509016 
6.355000 -1396.562844 
6.360000 -1395.897030 
6.365000 -1394.471719 
6.370000 -1392.499197 
6.375000 -1390.333208 
6.380000 -1388.351857 
6.385000 -1386.852872 
6.390000 -1385.972755 
6.395000 -1385.644947 
6.400000 -1385.608750 
6.405000 -1385.502752 
6.410000 -1385.046781 
6.415000 -1384.221547 
6.420000 -1383.302358 
6.425000 -1382.690674 
6.430000 -1382.640098 
6.435000 -1383.078272 
6.440000 -1383.657641 
6.445000 -1383.964055 
6.450000 -1383.695778 
6.455000 -1382.709459 
6.460000 -1380.968507 
6.465000 -1378.484676 
6.470000 -1375.321073 
6.475000 -1371.641720 
6.480000 -1367.743413 
6.485000 -1364.021321 
6.490000 -1360.876443 
6.495000 -1358.622506 
6.500000 -1357.436125 
6.505000 -1357.281149 
6.510000 -1358.030463 
6.515000 -1359.518611 
6.520000 -1361.492087 
6.525000 -1363.634207 
6.530000 -1365.625978 
6.535000 -1367.225795 
6.540000 -1368.335620 
6.545000 -1369.022502 
6.550000 -1369.479522 
6.555000 -1369.939635 
6.560000 -1370.587187 
6.565000 -1371.511953 
6.570000 -1372.720973 
6.575000 -1374.184240 
6.580000 -1375.867812 
6.585000 -1377.730852 
6.590000 -1379.692435 
6.595000 -1381.596770 
6.600000 -1383.195600 
6.605000 -1384.158716 
6.610000 -1384.124567 
6.615000 -1382.800305 
6.620000 -1380.085605 
6.625000 -1376.158206 
6.630000 -1371.458127 
6.635000 -1366.569366 
6.640000 -1362.055397 
6.645000 -1358.339419 
6.650000 -1355.699665 
6.655000 -1354.340344 
6.660000 -1354.423576 
6.665000 -1355.999493 
6.670000 -1358.902991 
6.675000 -1362.746019 
6.680000 -1367.038140 
6.685000 -1371.344095 
6.690000 -1375.374418 
6.695000 -1378.986025 
6.700000 -1382.128839 
6.705000 -1384.781260 
6.710000 -1386.904869 
6.715000 -1388.433118 
6.720000 -1389.293813 
6.725000 -1389.443488 
6.730000 -1388.879337 
6.735000 -1387.616608 
6.740000 -1385.660795 
6.745000 -1383.013560 
6.750000 -1379.736904 
6.755000 -1376.050355 
6.760000 -1372.398592 
6.765000 -1369.406503 
6.770000 -1367.705654 
6.775000 -1367.726383 
6.780000 -1369.563670 
6.785000 -1372.947063 
6.790000 -1377.319240 
6.795000 -1382.027387 
6.800000 -1386.534829 
6.805000 -1390.513938 
6.810000 -1393.788134 
6.815000 -1396.216207 
6.820000 -1397.622172 
6.825000 -1397.807674 
6.830000 -1396.622820 
6.835000 -1394.047439 
6.840000 -1390.239004 
6.845000 -1385.523273 
6.850000 -1380.331434 
6.855000 -1375.111020 
6.860000 -1370.248426 
6.865000 -1366.039296 
6.870000 -1362.705150 
6.875000 -1360.407385 
6.880000 -1359.223486 
6.885000 -1359.096821 
6.890000 -1359.816817 
6.895000 -1361.074160 
6.900000 -1362.578563 
6.905000 -1364.150977 
6.910000 -1365.736626 
6.915000 -1367.383717 
6.920000 -1369.228106 
6.925000 -1371.436481 
6.930000 -1374.066811 
6.935000 -1376.929936 
6.940000 -1379.596184 
6.945000 -1381.574549 
6.950000 -1382.545784 
6.955000 -1382.506807 
6.960000 -1381.760521 
6.965000 -1380.779958 
6.970000 -1380.049013 
6.975000 -1379.984236 
6.980000 -1380.910703 
6.985000 -1382.958135 
6.990000 -1385.926233 
6.995000 -1389.344029 
7.000000 -1392.705607 
7.005000 -1395.669215 
7.010000 -1398.314444 
7.015000 -1400.408592 
7.020000 -1401.754754 
7.025000 -1402.190779 
7.030000 -1401.592009 
7.035000 -1399.889082 
7.040000 -1397.112101 
7.045000 -1393.449355 
7.050000 -1389.286479 
7.055000 -1385.174235 
7.060000 -1381.685365 
7.065000 -1379.208223 
7.070000 -1377.834275 
7.075000 -1377.429540 
7.080000 -1377.782682 
7.085000 -1378.679042 
7.090000 -1379.889611 
7.095000 -1381.160049 
7.100000 -1382.242929 
7.105000 -1382.954922 
7.110000 -1383.228708 
7.115000 -1383.146458 
7.120000 -1382.940212 
7.125000 -1382.925680 
7.130000 -1383.364955 
7.135000 -1384.340889 
7.140000 -1385.751588 
7.145000 -1387.413758 
7.150000 -1389.159579 
7.155000 -1390.861414 
7.160000 -1392.418992 
7.165000 -1393.755653 
7.170000 -1394.822890 
7.175000 -1395.590965 
7.180000 -1396.020771 
7.185000 -1396.046988 
7.190000 -1395.595637 
7.195000 -1394.630459 
7.200000 -1393.194595 
7.205000 -1391.420956 
7.210000 -1389.507541 
7.215000 -1387.672333 
7.220000 -1386.108068 
7.225000 -1384.951024 
7.230000 -1384.264838 
7.235000 -1384.025957 
7.240000 -1384.103517 
7.245000 -1384.243469 
7.250000 -1384.095398 
7.255000 -1383.312903 
7.260000 -1381.717187 
7.265000 -1379.444551 
7.270000 -1376.957036 
7.275000 -1374.827415 
7.280000 -1373.410811 
7.285000 -1372.689781 
7.290000 -1372.410340 
7.295000 -1372.320590 
7.300000 -1372.306432 
7.305000 -1372.404117 
7.310000 -1372.757409 
7.315000 -1373.558491 
7.320000 -1374.969445 
7.325000 -1377.025879 
7.330000 -1379.570728 
7.335000 -1382.278015 
7.340000 -1384.765592 
7.345000 -1386.731428 
7.350000 -1388.040164 
7.355000 -1388.721538 
7.360000 -1388.891846 
7.365000 -1388.663200 
7.370000 -1388.104637 
7.375000 -1387.257628 
7.380000 -1386.164162 
7.385000 -1384.873660 
7.390000 -1383.432441 
7.395000 -1381.873876 
7.400000 -1380.215290 
7.405000 -1378.465534 
7.410000 -1376.638364 
7.415000 -1374.769508 
7.420000 -1372.927357 
7.425000 -1371.213660 
7.430000 -1369.753997 
7.435000 -1368.686074 
7.440000 -1368.150313 
7.445000 -1368.274027 
7.450000 -1369.136760 
7.455000 -1370.714772 
7.460000 -1372.836423 
7.465000 -1375.187670 
7.470000 -1377.384942 
7.475000 -1379.084508 
7.480000 -1380.065707 
7.485000 -1380.245005 
7.490000 -1379.627851 
7.495000 -1378.247809 
7.500000 -1376.150063 
7.505000 -1373.432125 
7.510000 -1370.309659 
7.515000 -1367.169767 
7.520000 -1364.544622 
7.525000 -1362.922229 
7.530000 -1362.465507 
7.535000 -1362.935006 
7.540000 -1363.924631 
7.545000 -1365.125732 
7.550000 -1366.388846 
7.555000 -1367.635452 
7.560000 -1368.763067 
7.565000 -1369.623044 
7.570000 -1370.076122 
7.575000 -1370.076113 
7.580000 -1369.713274 
7.585000 -1369.174134 
7.590000 -1368.660755 
7.595000 -1368.350175 
7.600000 -1368.418617 
7.605000 -1369.054109 
7.610000 -1370.397546 
7.615000 -1372.440998 
7.620000 -1374.969861 
7.625000 -1377.606870 
7.630000 -1379.937141 
7.635000 -1381.646565 
7.640000 -1382.608557 
7.645000 -1382.891716 
7.650000 -1382.698475 
7.655000 -1382.274972 
7.660000 -1381.833644 
7.665000 -1381.508524 
7.670000 -1381.342248 
7.675000 -1381.299118 
7.680000 -1381.316170 
7.685000 -1381.381917 
7.690000 -1381.597160 
7.695000 -1382.152451 
7.700000 -1383.210673 
7.705000 -1384.783237 
7.710000 -1386.709962 
7.715000 -1388.741164 
7.720000 -1390.630156 
7.725000 -1392.186470 
7.730000 -1393.306901 
7.735000 -1394.002312 
7.740000 -1394.396338 
7.745000 -1394.661732 
7.750000 -1394.915399 
7.755000 -1395.147587 
7.760000 -1395.238406 
7.765000 -1395.043281 
7.770000 -1394.484951 
7.775000 -1393.600787 
7.780000 -1392.518005 
7.785000 -1391.368588 
7.790000 -1390.203930 
7.795000 -1388.982875 
7.800000 -1387.643857 
7.805000 -1386.186299 
7.810000 -1384.698073 
7.815000 -1383.332781 
7.820000 -1382.264453 
7.825000 -1381.636586 
7.830000 -1381.513110 
7.835000 -1381.861665 
7.840000 -1382.586353 
7.845000 -1383.591251 
7.850000 -1384.824265 
7.855000 -1386.275867 
7.860000 -1387.944827 
7.865000 -1389.802238 
7.870000 -1391.772631 
7.875000 -1393.726841 
7.880000 -1395.477119 
7.885000 -1396.784946 
7.890000 -1397.389955 
7.895000 -1397.062789 
7.900000 -1395.672829 
7.905000 -1393.250911 
7.910000 -1390.020011 
7.915000 -1386.355744 
7.920000 -1382.679542 
7.925000 -1379.332554 
7.930000 -1376.504730 
7.935000 -1374.238257 
7.940000 -1372.475904 
7.945000 -1371.119273 
7.950000 -1370.083440 
7.955000 -1369.335132 
7.960000 -1368.899905 
7.965000 -1368.842602 
7.970000 -1369.247687 
7.975000 -1370.210105 
7.980000 -1371.814596 
7.985000 -1374.089369 
7.990000 -1376.956366 
7.995000 -1380.217078 
8.000000 -1383.571853 
8.005000 -1386.637446 
8.010000 -1389.111432 
8.015000 -1390.782174 
8.020000 -1391.576562 
8.025000 -1391.569447 
8.030000 -1390.942424 
8.035000 -1389.903404 
8.040000 -1388.603610 
8.045000 -1387.107698 
8.050000 -1385.437418 
8.055000 -1383.656403 
8.060000 -1381.918080 
8.065000 -1380.431038 
8.070000 -1379.369879 
8.075000 -1378.800394 
8.080000 -1378.674772 
8.085000 -1378.881473 
8.090000 -1379.303006 
8.095000 -1379.843006 
8.100000 -1380.427685 
8.105000 -1381.009735 
8.110000 -1381.592419 
8.115000 -1382.252018 
8.120000 -1383.120288 
8.125000 -1384.316895 
8.130000 -1385.885346 
8.135000 -1387.789013 
8.140000 -1389.956935 
8.145000 -1392.318842 
8.150000 -1394.793267 
8.155000 -1397.251208 
8.160000 -1399.499177 
8.165000 -1401.303279 
8.170000 -1402.437879 
8.175000 -1402.729224 
8.180000 -1402.090451 
8.185000 -1400.552129 
8.190000 -1398.286960 
8.195000 -1395.606789 
8.200000 -1392.907341 
8.205000 -1390.566218 
8.210000 -1388.837236 
8.215000 -1387.796888 
8.220000 -1387.367827 
8.225000 -1387.393395 
8.230000 -1387.714742 
8.235000 -1388.214252 
8.240000 -1388.813383 
8.245000 -1389.442719 
8.250000 -1390.014857 
8.255000 -1390.425381 
8.260000 -1390.579970 
8.265000 -1390.426144 
8.270000 -1389.976717 
8.275000 -1389.324231 
8.280000 -1388.646948 
8.285000 -1388.193611 
8.290000 -1388.229612 
8.295000 -1388.946050 
8.300000 -1390.374337 
8.305000 -1392.367269 
8.310000 -1394.671615 
8.315000 -1397.043525 
8.320000 -1399.323188 
8.325000 -1401.427707 
8.330000 -1403.293151 
8.335000 -1404.819238 
8.340000 -1405.849407 
8.345000 -1406.182221 
8.350000 -1405.603321 
8.355000 -1403.932962 
8.360000 -1401.081229 
8.365000 -1397.102625 
8.370000 -1392.229734 
8.375000 -1386.866551 
8.380000 -1381.528156 
8.385000 -1376.743233 
8.390000 -1372.960806 
8.395000 -1370.488863 
8.400000 -1369.455719 
8.405000 -1369.781798 
8.410000 -1371.180267 
8.415000 -1373.226359 
8.420000 -1375.483424 
8.425000 -1377.620933 
8.430000 -1379.464828 
8.435000 -1380.975072 
8.440000 -1382.190345 
8.445000 -1383.173947 
8.450000 -1383.964372 
8.455000 -1384.528711 
8.460000 -1384.744757 
8.465000 -1384.439449 
8.470000 -1383.475926 
8.475000 -1381.838579 
8.480000 -1379.668489 
8.485000 -1377.229983 
8.490000 -1374.830998 
8.495000 -1372.735196 
8.500000 -1371.108330 
8.505000 -1370.021943 
8.510000 -1369.502260 
8.515000 -1369.588213 
8.520000 -1370.359415 
8.525000 -1371.915327 
8.530000 -1374.318504 
8.535000 -1377.530815 
8.540000 -1381.378446 
8.545000 -1385.561258 
8.550000 -1389.705554 
8.555000 -1393.437354 
8.560000 -1396.452060 
8.565000 -1398.563180 
8.570000 -1399.725647 
8.575000 -1400.033368 
8.580000 -1399.680309 
8.585000 -1398.885542 
8.590000 -1397.816013 
8.595000 -1396.560079 
8.600000 -1395.165274 
8.605000 -1393.689219 
8.610000 -1392.207881 
8.615000 -1390.782391 
8.620000 -1389.427733 
8.625000 -1388.123249 
8.630000 -1386.858336 
8.635000 -1385.667506 
8.640000 -1384.627701 
8.645000 -1383.822695 
8.650000 -1383.305682 
8.655000 -1383.085513 
8.660000 -1383.142910 
8.665000 -1383.468196 
8.670000 -1384.096858 
8.675000 -1385.115143 
8.680000 -1386.624593 
8.685000 -1388.675434 
8.690000 -1391.200724 
8.695000 -1393.979788 
8.700000 -1396.650254 
8.705000 -1398.776136 
8.710000 -1399.955288 
8.715000 -1399.923546 
8.720000 -1398.611266 
8.725000 -1396.136646 
8.730000 -1392.753878 
8.735000 -1388.798514 
8.740000 -1384.652050 
8.745000 -1380.719654 
8.750000 -1377.398076 
8.755000 -1375.029863 
8.760000 -1373.853369 
8.765000 -1373.937701 
8.770000 -1375.117572 
8.775000 -1377.000233 
8.780000 -1379.089799 
8.785000 -1380.967049 
8.790000 -1382.401011 
8.795000 -1383.339114 
8.800000 -1383.818262 
8.805000 -1383.874138 
8.810000 -1383.506628 
8.815000 -1382.703030 
8.820000 -1381.483775 
8.825000 -1379.933083 
8.830000 -1378.200283 
8.835000 -1376.479704 
8.840000 -1374.981439 
8.845000 -1373.898956 
8.850000 -1373.378428 
8.855000 -1373.498425 
8.860000 -1374.264525 
8.865000 -1375.614091 
8.870000 -1377.421755 
8.875000 -1379.513837 
8.880000 -1381.701024 
8.885000 -1383.825865 
8.890000 -1385.794792 
8.895000 -1387.575085 
8.900000 -1389.172381 
8.905000 -1390.610604 
8.910000 -1391.921215 
8.915000 -1393.134054 
8.920000 -1394.271568 
8.925000 -1395.349388 
8.930000 -1396.371417 
8.935000 -1397.316279 
8.940000 -1398.128631 
8.945000 -1398.736154 
8.950000 -1399.087858 
8.955000 -1399.187463 
8.960000 -1399.101340 
8.965000 -1398.939568 
8.970000 -1398.822333 
8.975000 -1398.851539 
8.980000 -1399.095534 
8.985000 -1399.585490 
8.990000 -1400.315004 
8.995000 -1401.232754 
9.000000 -1402.235224 
9.005000 -1403.174228 
9.010000 -1403.881426 
9.015000 -1404.186968 
9.020000 -1403.955874 
9.025000 -1403.126136 
9.030000 -1401.742265 
9.035000 -1399.963823 
9.040000 -1398.020542 
9.045000 -1396.114150 
9.050000 -1394.315968 
9.055000 -1392.532035 
9.060000 -1390.562274 
9.065000 -1388.223190 
9.070000 -1385.475476 
9.075000 -1382.509640 
9.080000 -1379.759737 
9.085000 -1377.796774 
9.090000 -1377.096165 
9.095000 -1377.789666 
9.100000 -1379.586327 
9.105000 -1381.923349 
9.110000 -1384.211225 
9.115000 -1386.012051 
9.120000 -1387.101361 
9.125000 -1387.452324 
9.130000 -1387.187084 
9.135000 -1386.520652 
9.140000 -1385.706710 
9.145000 -1384.986080 
9.150000 -1384.540917 
9.155000 -1384.455281 
9.160000 -1384.695719 
9.165000 -1385.125584 
9.170000 -1385.558105 
9.175000 -1385.832700 
9.180000 -1385.881953 
9.185000 -1385.763715 
9.190000 -1385.628173 
9.195000 -1385.616969 
9.200000 -1385.745480 
9.205000 -1385.862214 
9.210000 -1385.730705 
9.215000 -1385.165772 
9.220000 -1384.123319 
9.225000 -1382.710575 
9.230000 -1381.144356 
9.235000 -1379.690588 
9.240000 -1378.601669 
9.245000 -1378.066647 
9.250000 -1378.183129 
9.255000 -1378.960960 
9.260000 -1380.354337 
9.265000 -1382.300293 
9.270000 -1384.730635 
9.275000 -1387.542201 
9.280000 -1390.546149 
9.285000 -1393.441048 
9.290000 -1395.842097 
9.295000 -1397.359075 
9.300000 -1397.692948 
9.305000 -1396.716336 
9.310000 -1394.525450 
9.315000 -1391.447647 
9.320000 -1387.988232 
9.325000 -1384.715930 
9.330000 -1382.120827 
9.335000 -1380.511495 
9.340000 -1379.996023 
9.345000 -1380.536445 
9.350000 -1382.017127 
9.355000 -1384.280964 
9.360000 -1387.129294 
9.365000 -1390.312453 
9.370000 -1393.537907 
9.375000 -1396.507316 
9.380000 -1398.972338 
9.385000 -1400.785192 
9.390000 -1401.914850 
9.395000 -1402.411855 
9.400000 -1402.333439 
9.405000 -1401.681261 
9.410000 -1400.406508 
9.415000 -1398.484735 
9.420000 -1395.998987 
9.425000 -1393.162224 
9.430000 -1390.270447 
9.435000 -1387.629616 
9.440000 -1385.505054 
9.445000 -1384.104091 
9.450000 -1383.565448 
9.455000 -1383.923055 
9.460000 -1385.055329 
9.465000 -1386.676073 
9.470000 -1388.404014 
9.475000 -1389.878421 
9.480000 -1390.855820 
9.485000 -1391.252186 
9.490000 -1391.137739 
9.495000 -1390.697241 
9.500000 -1390.168914 
9.505000 -1389.770929 
9.510000 -1389.628697 
9.515000 -1389.727792 
9.520000 -1389.911243 
9.525000 -1389.929424 
9.530000 -1389.528702 
9.535000 -1388.547386 
9.540000 -1386.984160 
9.545000 -1385.010931 
9.550000 -1382.927119 
9.555000 -1381.066851 
9.560000 -1379.694759 
9.565000 -1378.932685 
9.570000 -1378.762274 
9.575000 -1379.103172 
9.580000 -1379.913806 
9.585000 -1381.229247 
9.590000 -1383.101520 
9.595000 -1385.489665 
9.600000 -1388.200080 
9.605000 -1390.927195 
9.610000 -1393.358114 
9.615000 -1395.260021 
9.620000 -1396.507087 
9.625000 -1397.065460 
9.630000 -1396.973010 
9.635000 -1396.326590 
9.640000 -1395.266251 
9.645000 -1393.943090 
9.650000 -1392.476738 
9.655000 -1390.921495 
9.660000 -1389.259028 
9.665000 -1387.421407 
9.670000 -1385.333068 
9.675000 -1382.961494 
9.680000 -1380.368859 
9.685000 -1377.734157 
9.690000 -1375.311077 
9.695000 -1373.324959 
9.700000 -1371.883921 
9.705000 -1370.986606 
9.710000 -1370.624501 
9.715000 -1370.887793 
9.720000 -1371.958942 
9.725000 -1373.959353 
9.730000 -1376.761205 
9.735000 -1379.933615 
9.740000 -1382.870468 
9.745000 -1384.991528 
9.750000 -1385.903620 
9.755000 -1385.491675 
9.760000 -1383.952873 
9.765000 -1381.764179 
9.770000 -1379.540883 
9.775000 -1377.805397 
9.780000 -1376.823590 
9.785000 -1376.638566 
9.790000 -1377.206335 
9.795000 -1378.461379 
9.800000 -1380.274879 
9.805000 -1382.397540 
9.810000 -1384.473871 
9.815000 -1386.153047 
9.820000 -1387.227301 
9.825000 -1387.702266 
9.830000 -1387.756330 
9.835000 -1387.622381 
9.840000 -1387.469414 
9.845000 -1387.343111 
9.850000 -1387.175824 
9.855000 -1386.836499 
9.860000 -1386.194325 
9.865000 -1385.188603 
9.870000 -1383.888653 
9.875000 -1382.498690 
9.880000 -1381.268676 
9.885000 -1380.352869 
9.890000 -1379.723571 
9.895000 -1379.213796 
9.900000 -1378.662460 
9.905000 -1378.080444 
9.910000 -1377.747449 
9.915000 -1378.129051 
9.920000 -1379.591139 
9.925000 -1382.119013 
9.930000 -1385.324507 
9.935000 -1388.697291 
9.940000 -1391.831939 
9.945000 -1394.497476 
9.950000 -1396.606450 
9.955000 -1398.153878 
9.960000 -1399.157687 
9.965000 -1399.619625 
9.970000 -1399.530961 
9.975000 -1398.920998 
9.980000 -1397.902053 
9.985000 -1396.663295 
9.990000 -1395.414170 
9.995000 -1394.323665 
