0.001669 0.000000 
0.005008 0.000000 
0.008346 0.000000 
0.011685 0.000000 
0.015023 0.000000 
0.018362 0.000000 
0.021700 0.000000 
0.025039 0.000000 
0.028377 0.000000 
0.031716 0.000000 
0.035054 0.000000 
0.038393 0.000000 
0.041731 0.000000 
0.045070 0.000000 
0.048408 0.000000 
0.051747 0.000000 
0.055085 0.000000 
0.058424 0.000000 
0.061762 0.000000 
0.065101 0.000000 
0.068439 0.000000 
0.071778 0.000000 
0.075116 0.000000 
0.078455 0.000000 
0.081793 0.000000 
0.085132 0.000000 
0.088470 0.000000 
0.091809 0.000000 
0.095147 0.000000 
0.098486 0.000000 
0.101824 0.000000 
0.105163 0.000000 
0.108501 0.000000 
0.111840 0.000000 
0.115178 0.000000 
0.118517 0.000000 
0.121855 0.000000 
0.125193 0.000000 
0.128532 0.000000 
0.131870 0.000000 
0.135209 0.000000 
0.138547 0.000000 
0.141886 0.000000 
0.145224 0.000000 
0.148563 0.000000 
0.151901 0.000000 
0.155240 0.000000 
0.158578 0.000000 
0.161917 0.000000 
0.165255 0.000000 
0.168594 0.000000 
0.171932 0.000000 
0.175271 0.000000 
0.178609 0.000000 
0.181948 0.000000 
0.185286 0.000000 
0.188625 0.000000 
0.191963 0.000000 
0.195302 0.000000 
0.198640 0.000000 
0.201979 0.000000 
0.205317 0.000000 
0.208656 0.000000 
0.211994 0.000000 
0.215333 0.000000 
0.218671 0.000000 
0.222010 0.000000 
0.225348 0.000000 
0.228687 0.000000 
0.232025 0.000000 
0.235364 0.000000 
0.238702 0.000000 
0.242041 0.000000 
0.245379 0.000000 
0.248718 0.000000 
0.252056 0.000000 
0.255395 0.000000 
0.258733 0.000000 
0.262072 0.000000 
0.265410 0.000000 
0.268749 0.000000 
0.272087 0.000000 
0.275426 0.000000 
0.278764 0.000000 
0.282103 0.000000 
0.285441 0.000000 
0.288780 0.000000 
0.292118 0.000000 
0.295457 0.000000 
0.298795 0.000000 
0.302134 0.000000 
0.305472 0.000000 
0.308811 0.000000 
0.312149 0.000000 
0.315488 0.000000 
0.318826 0.000000 
0.322165 0.000000 
0.325503 0.000000 
0.328842 0.000000 
0.332180 0.000000 
0.335519 0.000000 
0.338857 0.000000 
0.342196 0.000000 
0.345534 0.000000 
0.348873 0.000000 
0.352211 0.000000 
0.355550 0.000000 
0.358888 0.000000 
0.362227 0.000000 
0.365565 0.000000 
0.368904 0.000000 
0.372242 0.000000 
0.375580 0.000000 
0.378919 0.000000 
0.382257 0.000000 
0.385596 0.000000 
0.388934 0.000000 
0.392273 0.000000 
0.395611 0.000000 
0.398950 0.000000 
0.402288 0.000000 
0.405627 0.000000 
0.408965 0.000000 
0.412304 0.000000 
0.415642 0.000000 
0.418981 0.000000 
0.422319 0.000000 
0.425658 0.000000 
0.428996 0.000000 
0.432335 0.000000 
0.435673 0.000000 
0.439012 0.000000 
0.442350 0.000000 
0.445689 0.000000 
0.449027 0.000000 
0.452366 0.000000 
0.455704 0.000000 
0.459043 0.000000 
0.462381 0.000000 
0.465720 0.000000 
0.469058 0.000000 
0.472397 0.000000 
0.475735 0.000000 
0.479074 0.000000 
0.482412 0.000000 
0.485751 0.000000 
0.489089 0.000000 
0.492428 0.000000 
0.495766 0.000000 
0.499105 0.000000 
0.502443 0.000000 
0.505782 0.000000 
0.509120 0.000000 
0.512459 0.000000 
0.515797 0.000000 
0.519136 0.000000 
0.522474 0.000000 
0.525813 0.000000 
0.529151 0.000000 
0.532490 0.000000 
0.535828 0.000000 
0.539167 0.000000 
0.542505 0.000000 
0.545844 0.000000 
0.549182 0.000000 
0.552521 0.000000 
0.555859 0.000000 
0.559198 0.000000 
0.562536 0.000000 
0.565875 0.000000 
0.569213 0.000000 
0.572552 0.000000 
0.575890 0.000000 
0.579229 0.000000 
0.582567 0.000000 
0.585906 0.000000 
0.589244 0.000000 
0.592583 0.000000 
0.595921 0.000000 
0.599260 0.000000 
0.602598 0.000000 
0.605937 0.000000 
0.609275 0.000000 
0.612614 0.000000 
0.615952 0.000000 
0.619291 0.000000 
0.622629 0.000000 
0.625967 0.000000 
0.629306 0.000000 
0.632644 0.000000 
0.635983 0.000000 
0.639321 0.000000 
0.642660 0.000000 
0.645998 0.000000 
0.649337 0.000000 
0.652675 0.000000 
0.656014 0.000000 
0.659352 0.000000 
0.662691 0.000000 
0.666029 0.000000 
0.669368 0.000000 
0.672706 0.000000 
0.676045 0.000000 
0.679383 0.000000 
0.682722 0.000000 
0.686060 0.000000 
0.689399 0.000000 
0.692737 0.000000 
0.696076 0.000000 
0.699414 0.000000 
0.702753 0.000000 
0.706091 0.000000 
0.709430 0.000000 
0.712768 0.000000 
0.716107 0.000000 
0.719445 0.000000 
0.722784 0.000000 
0.726122 0.000000 
0.729461 0.000000 
0.732799 0.000000 
0.736138 0.000000 
0.739476 0.000000 
0.742815 0.000000 
0.746153 0.000000 
0.749492 0.000000 
0.752830 0.000000 
0.756169 0.000000 
0.759507 0.000000 
0.762846 0.000000 
0.766184 0.000000 
0.769523 0.000000 
0.772861 0.000000 
0.776200 0.000000 
0.779538 0.000000 
0.782877 0.000000 
0.786215 0.000000 
0.789554 0.000000 
0.792892 0.000000 
0.796231 0.000000 
0.799569 0.000000 
0.802908 0.000000 
0.806246 0.000000 
0.809585 0.000000 
0.812923 0.000000 
0.816262 0.000000 
0.819600 0.000000 
0.822939 0.000000 
0.826277 0.000000 
0.829616 0.000000 
0.832954 0.000000 
0.836293 0.000000 
0.839631 0.000000 
0.842970 0.000000 
0.846308 0.000000 
0.849647 0.000000 
0.852985 0.000000 
0.856324 0.000000 
0.859662 0.000000 
0.863001 0.000000 
0.866339 0.000000 
0.869678 0.000000 
0.873016 0.000000 
0.876354 0.000000 
0.879693 0.000000 
0.883031 0.000000 
0.886370 0.000000 
0.889708 0.000000 
0.893047 0.000000 
0.896385 0.003327 
0.899724 0.000000 
0.903062 0.006556 
0.906401 0.006508 
0.909739 0.000000 
0.913078 0.006413 
0.916416 0.015916 
0.919755 0.012640 
0.923093 0.025098 
0.926432 0.052950 
0.929770 0.071125 
0.933109 0.082898 
0.936447 0.088405 
0.939786 0.066590 
0.943124 0.108196 
0.946463 0.134292 
0.949801 0.201507 
0.953140 0.285433 
0.956478 0.344808 
0.959817 0.319199 
0.963155 0.475486 
0.966494 0.460759 
0.969832 0.599702 
0.973171 0.635112 
0.976509 0.737308 
0.979848 0.896571 
0.983186 1.009410 
0.986525 1.068513 
0.989863 1.184092 
0.993202 1.363136 
0.996540 1.327099 
0.999879 1.537515 
1.003217 1.617609 
1.006556 1.651752 
1.009894 1.916072 
1.013233 1.880031 
1.016571 1.929787 
1.019910 2.156178 
1.023248 2.213621 
1.026587 2.285492 
1.029925 2.414351 
1.033264 2.518963 
1.036602 2.564960 
1.039941 2.667169 
1.043279 2.564163 
1.046618 2.777233 
1.049956 2.939047 
1.053295 2.689123 
1.056633 2.921175 
1.059972 2.931355 
1.063310 2.934257 
1.066649 3.021652 
1.069987 2.897750 
1.073326 2.991136 
1.076664 2.974921 
1.080003 2.885508 
1.083341 2.967975 
1.086680 2.967877 
1.090018 2.792226 
1.093357 2.913849 
1.096695 2.851682 
1.100034 2.869746 
1.103372 2.786531 
1.106711 2.719544 
1.110049 2.850738 
1.113388 2.654676 
1.116726 2.561656 
1.120065 2.578371 
1.123403 2.599080 
1.126741 2.499472 
1.130080 2.461700 
1.133418 2.520053 
1.136757 2.480448 
1.140095 2.564662 
1.143434 2.332973 
1.146772 2.301114 
1.150111 2.348404 
1.153449 2.242401 
1.156788 2.273427 
1.160126 2.176938 
1.163465 2.022272 
1.166803 2.136386 
1.170142 2.120308 
1.173480 2.026726 
1.176819 1.968916 
1.180157 1.988502 
1.183496 1.952488 
1.186834 1.842830 
1.190173 1.836280 
1.193511 1.797871 
1.196850 1.687078 
1.200188 1.803905 
1.203527 1.553985 
1.206865 1.710584 
1.210204 1.653702 
1.213542 1.582898 
1.216881 1.565198 
1.220219 1.540486 
1.223558 1.514234 
1.226896 1.495349 
1.230235 1.494309 
1.233573 1.449340 
1.236912 1.443274 
1.240250 1.353833 
1.243589 1.343116 
1.246927 1.353127 
1.250266 1.226198 
1.253604 1.234986 
1.256943 1.245355 
1.260281 1.218568 
1.263620 1.188699 
1.266958 1.232405 
1.270297 1.167952 
1.273635 1.163485 
1.276974 1.155770 
1.280312 1.092671 
1.283651 1.093484 
1.286989 1.065223 
1.290328 1.037239 
1.293666 1.044671 
1.297005 1.050424 
1.300343 1.076657 
1.303682 0.975202 
1.307020 1.075074 
1.310359 0.996428 
1.313697 0.983625 
1.317036 0.895421 
1.320374 0.972168 
1.323713 0.944386 
1.327051 0.909280 
1.330390 0.956076 
1.333728 0.858119 
1.337067 0.828419 
1.340405 0.870422 
1.343744 0.812804 
1.347082 0.763111 
1.350421 0.826775 
1.353759 0.805198 
1.357098 0.804144 
1.360436 0.818979 
1.363775 0.784790 
1.367113 0.760938 
1.370451 0.714533 
1.373790 0.735145 
1.377128 0.772463 
1.380467 0.704203 
1.383805 0.746878 
1.387144 0.762738 
1.390482 0.725896 
1.393821 0.661877 
1.397159 0.709388 
1.400498 0.685566 
1.403836 0.679596 
1.407175 0.691226 
1.410513 0.685270 
1.413852 0.665990 
1.417190 0.640228 
1.420529 0.711411 
1.423867 0.673795 
1.427206 0.671959 
1.430544 0.674052 
1.433883 0.670917 
1.437221 0.623801 
1.440560 0.660847 
1.443898 0.629585 
1.447237 0.668803 
1.450575 0.675892 
1.453914 0.618412 
1.457252 0.629429 
1.460591 0.620289 
1.463929 0.595010 
1.467268 0.619624 
1.470606 0.603216 
1.473945 0.621406 
1.477283 0.614925 
1.480622 0.663372 
1.483960 0.596051 
1.487299 0.557122 
1.490637 0.600348 
1.493976 0.601261 
1.497314 0.590236 
1.500653 0.595922 
1.503991 0.611007 
1.507330 0.577712 
1.510668 0.599761 
1.514007 0.574960 
1.517345 0.621200 
1.520684 0.578014 
1.524022 0.578937 
1.527361 0.595890 
1.530699 0.561347 
1.534038 0.616842 
1.537376 0.545171 
1.540715 0.568713 
1.544053 0.596531 
1.547392 0.581679 
1.550730 0.563614 
1.554069 0.602150 
1.557407 0.615001 
1.560746 0.600301 
1.564084 0.564958 
1.567423 0.539704 
1.570761 0.597004 
1.574100 0.589080 
1.577438 0.588738 
1.580777 0.585184 
1.584115 0.567806 
1.587454 0.580272 
1.590792 0.574670 
1.594131 0.649058 
1.597469 0.615969 
1.600808 0.621748 
1.604146 0.598385 
1.607485 0.572108 
1.610823 0.641857 
1.614162 0.615607 
1.617500 0.645765 
1.620838 0.640055 
1.624177 0.601958 
1.627515 0.604537 
1.630854 0.637243 
1.634192 0.614622 
1.637531 0.626076 
1.640869 0.651331 
1.644208 0.643745 
1.647546 0.619472 
1.650885 0.671898 
1.654223 0.657465 
1.657562 0.630495 
1.660900 0.610520 
1.664239 0.639924 
1.667577 0.663320 
1.670916 0.630990 
1.674254 0.674253 
1.677593 0.671572 
1.680931 0.681206 
1.684270 0.669085 
1.687608 0.699293 
1.690947 0.736737 
1.694285 0.710555 
1.697624 0.695704 
1.700962 0.682812 
1.704301 0.759290 
1.707639 0.730655 
1.710978 0.715022 
1.714316 0.691318 
1.717655 0.765651 
1.720993 0.754561 
1.724332 0.758834 
1.727670 0.721871 
1.731009 0.824365 
1.734347 0.773203 
1.737686 0.816271 
1.741024 0.748763 
1.744363 0.810034 
1.747701 0.786813 
1.751040 0.842231 
1.754378 0.798206 
1.757717 0.886030 
1.761055 0.818887 
1.764394 0.860445 
1.767732 0.827256 
1.771071 0.833515 
1.774409 0.861796 
1.777748 0.889014 
1.781086 0.897482 
1.784425 0.940303 
1.787763 0.942649 
1.791102 0.874974 
1.794440 0.868400 
1.797779 0.931348 
1.801117 0.920482 
1.804456 0.967983 
1.807794 0.999584 
1.811133 0.939669 
1.814471 0.958950 
1.817810 1.047657 
1.821148 0.998681 
1.824487 1.011895 
1.827825 1.054611 
1.831164 1.018879 
1.834502 0.982606 
1.837841 1.037608 
1.841179 0.992841 
1.844518 0.990036 
1.847856 1.097635 
1.851195 1.059356 
1.854533 1.102182 
1.857872 1.087381 
1.861210 1.064191 
1.864549 1.078070 
1.867887 1.071921 
1.871225 1.117725 
1.874564 1.141135 
1.877902 1.102210 
1.881241 1.068843 
1.884579 1.100436 
1.887918 1.102547 
1.891256 1.165923 
1.894595 1.138730 
1.897933 1.108753 
1.901272 1.138142 
1.904610 1.166581 
1.907949 1.138268 
1.911287 1.179666 
1.914626 1.120133 
1.917964 1.132225 
1.921303 1.180435 
1.924641 1.153250 
1.927980 1.159328 
1.931318 1.173957 
1.934657 1.152054 
1.937995 1.177270 
1.941334 1.156201 
1.944672 1.127493 
1.948011 1.153924 
1.951349 1.198422 
1.954688 1.190833 
1.958026 1.163765 
1.961365 1.205671 
1.964703 1.215428 
1.968042 1.261003 
1.971380 1.220966 
1.974719 1.257974 
1.978057 1.171060 
1.981396 1.231806 
1.984734 1.255490 
1.988073 1.187022 
1.991411 1.249107 
1.994750 1.193869 
1.998088 1.236086 
2.001427 1.226626 
2.004765 1.229196 
2.008104 1.233730 
2.011442 1.242853 
2.014781 1.302617 
2.018119 1.264180 
2.021458 1.278325 
2.024796 1.253248 
2.028135 1.244576 
2.031473 1.251501 
2.034812 1.325521 
2.038150 1.295441 
2.041489 1.264267 
2.044827 1.317683 
2.048166 1.292999 
2.051504 1.321824 
2.054843 1.266249 
2.058181 1.289911 
2.061520 1.255544 
2.064858 1.328608 
2.068197 1.294948 
2.071535 1.288286 
2.074874 1.305877 
2.078212 1.241645 
2.081551 1.277769 
2.084889 1.238010 
2.088228 1.253059 
2.091566 1.258228 
2.094905 1.271886 
2.098243 1.253876 
2.101582 1.288633 
2.104920 1.247744 
2.108259 1.272064 
2.111597 1.221280 
2.114936 1.260458 
2.118274 1.239211 
2.121612 1.270948 
2.124951 1.239724 
2.128289 1.286003 
2.131628 1.195493 
2.134966 1.252166 
2.138305 1.258199 
2.141643 1.289249 
2.144982 1.222488 
2.148320 1.195523 
2.151659 1.220110 
2.154997 1.213454 
2.158336 1.253890 
2.161674 1.202537 
2.165013 1.197690 
2.168351 1.204808 
2.171690 1.185235 
2.175028 1.186685 
2.178367 1.199388 
2.181705 1.174940 
2.185044 1.149515 
2.188382 1.182853 
2.191721 1.114697 
2.195059 1.151256 
2.198398 1.140018 
2.201736 1.153658 
2.205075 1.167211 
2.208413 1.133538 
2.211752 1.086947 
2.215090 1.095659 
2.218429 1.132017 
2.221767 1.083668 
2.225106 1.083658 
2.228444 1.084720 
2.231783 1.076647 
2.235121 1.124269 
2.238460 1.067566 
2.241798 1.081410 
2.245137 1.081379 
2.248475 1.098792 
2.251814 1.105553 
2.255152 1.022910 
2.258491 1.038755 
2.261829 1.061818 
2.265168 1.058170 
2.268506 1.038434 
2.271845 0.996020 
2.275183 1.039578 
2.278522 1.029840 
2.281860 1.030423 
2.285199 1.034581 
2.288537 1.000429 
2.291876 0.995481 
2.295214 0.966199 
2.298553 0.979586 
2.301891 1.004495 
2.305230 0.946755 
2.308568 0.978629 
2.311907 0.950797 
2.315245 1.010396 
2.318584 0.967706 
2.321922 0.967900 
2.325261 0.917658 
2.328599 0.978134 
2.331938 0.967470 
2.335276 0.919117 
2.338615 0.911607 
2.341953 0.916808 
2.345292 0.933641 
2.348630 0.933896 
2.351969 0.946711 
2.355307 0.889094 
2.358646 0.898592 
2.361984 0.922408 
2.365323 0.928885 
2.368661 0.890532 
2.371999 0.909883 
2.375338 0.886480 
2.378676 0.865095 
2.382015 0.903190 
2.385353 0.920397 
2.388692 0.862541 
2.392030 0.889569 
2.395369 0.881500 
2.398707 0.892522 
2.402046 0.840467 
2.405384 0.890808 
2.408723 0.873596 
2.412061 0.888181 
2.415400 0.856401 
2.418738 0.831191 
2.422077 0.841661 
2.425415 0.856614 
2.428754 0.860152 
2.432092 0.850561 
2.435431 0.875724 
2.438769 0.797817 
2.442108 0.835979 
2.445446 0.864990 
2.448785 0.836330 
2.452123 0.874957 
2.455462 0.881890 
2.458800 0.848987 
2.462139 0.833015 
2.465477 0.816688 
2.468816 0.831147 
2.472154 0.821905 
2.475493 0.837139 
2.478831 0.849243 
2.482170 0.804005 
2.485508 0.859399 
2.488847 0.831633 
2.492185 0.824241 
2.495524 0.867110 
2.498862 0.813849 
2.502201 0.853522 
2.505539 0.817608 
2.508878 0.851958 
2.512216 0.820468 
2.515555 0.827163 
2.518893 0.825394 
2.522232 0.802199 
2.525570 0.878034 
2.528909 0.787101 
2.532247 0.823798 
2.535586 0.832026 
2.538924 0.841451 
2.542263 0.815666 
2.545601 0.850656 
2.548940 0.831148 
2.552278 0.811329 
2.555617 0.843593 
2.558955 0.814449 
2.562294 0.848974 
2.565632 0.853670 
2.568971 0.871706 
2.572309 0.843184 
2.575648 0.855506 
2.578986 0.816316 
2.582325 0.859908 
2.585663 0.880880 
2.589002 0.849097 
2.592340 0.820259 
2.595679 0.864176 
2.599017 0.836629 
2.602356 0.847116 
2.605694 0.838647 
2.609033 0.874989 
2.612371 0.879413 
2.615710 0.894752 
2.619048 0.848823 
2.622386 0.838111 
2.625725 0.898408 
2.629063 0.915466 
2.632402 0.913531 
2.635740 0.910449 
2.639079 0.890107 
2.642417 0.890922 
2.645756 0.884092 
2.649094 0.891389 
2.652433 0.875087 
2.655771 0.892598 
2.659110 0.911152 
2.662448 0.948089 
2.665787 0.905088 
2.669125 0.903576 
2.672464 0.927147 
2.675802 0.916621 
2.679141 0.930352 
2.682479 0.933239 
2.685818 0.941297 
2.689156 0.944137 
2.692495 0.917828 
2.695833 0.922913 
2.699172 0.956224 
2.702510 0.946542 
2.705849 0.972322 
2.709187 0.946253 
2.712526 0.933025 
2.715864 0.972775 
2.719203 0.953757 
2.722541 1.010207 
2.725880 0.974635 
2.729218 0.964356 
2.732557 0.975964 
2.735895 0.981441 
2.739234 0.977268 
2.742572 0.957831 
2.745911 0.986703 
2.749249 0.993858 
2.752588 1.010148 
2.755926 0.976377 
2.759265 0.977176 
2.762603 1.000736 
2.765942 0.972813 
2.769280 0.997310 
2.772619 1.028989 
2.775957 1.005354 
2.779296 1.000518 
2.782634 1.041965 
2.785973 1.048769 
2.789311 1.020146 
2.792650 1.018051 
2.795988 1.062470 
2.799327 1.020706 
2.802665 1.064901 
2.806004 1.047090 
2.809342 1.038845 
2.812681 1.068820 
2.816019 1.058196 
2.819358 1.074525 
2.822696 1.036756 
2.826035 1.054726 
2.829373 1.047563 
2.832712 1.060420 
2.836050 1.059255 
2.839389 1.057097 
2.842727 1.068509 
2.846066 1.085146 
2.849404 1.072398 
2.852743 1.059049 
2.856081 1.091969 
2.859420 1.063918 
2.862758 1.038930 
2.866096 1.068729 
2.869435 1.067543 
2.872773 1.042064 
2.876112 1.116562 
2.879450 1.066255 
2.882789 1.067325 
2.886127 1.084756 
2.889466 1.120673 
2.892804 1.109144 
2.896143 1.101488 
2.899481 1.068427 
2.902820 1.088178 
2.906158 1.106254 
2.909497 1.143191 
2.912835 1.096777 
2.916174 1.120673 
2.919512 1.105566 
2.922851 1.101790 
2.926189 1.096468 
2.929528 1.105184 
2.932866 1.121006 
2.936205 1.078147 
2.939543 1.096119 
2.942882 1.103202 
2.946220 1.106863 
2.949559 1.119108 
2.952897 1.123937 
2.956236 1.099682 
2.959574 1.142982 
2.962913 1.090772 
2.966251 1.069481 
2.969590 1.123463 
2.972928 1.115194 
2.976267 1.090965 
2.979605 1.108395 
2.982944 1.100808 
2.986282 1.118432 
2.989621 1.109057 
2.992959 1.120013 
2.996298 1.115732 
2.999636 1.117112 
3.002975 1.126488 
3.006313 1.131086 
3.009652 1.073684 
3.012990 1.091330 
3.016329 1.082158 
3.019667 1.086802 
3.023006 1.085281 
3.026344 1.085807 
3.029683 1.056038 
3.033021 1.108348 
3.036360 1.088804 
3.039698 1.066740 
3.043037 1.129355 
3.046375 1.081656 
3.049714 1.085613 
3.053052 1.110199 
3.056391 1.083737 
3.059729 1.102504 
3.063068 1.093548 
3.066406 1.098560 
3.069745 1.073194 
3.073083 1.073411 
3.076422 1.099046 
3.079760 1.076653 
3.083099 1.054074 
3.086437 1.052075 
3.089776 1.088166 
3.093114 1.080789 
3.096453 1.074277 
3.099791 1.057219 
3.103130 1.049948 
3.106468 1.062098 
3.109807 1.071705 
3.113145 1.085406 
3.116483 1.084183 
3.119822 1.036271 
3.123160 1.066397 
3.126499 1.081350 
3.129837 1.020371 
3.133176 1.054688 
3.136514 1.082336 
3.139853 1.025261 
3.143191 1.061507 
3.146530 1.037925 
3.149868 1.050814 
3.153207 1.025736 
3.156545 1.036178 
3.159884 1.034793 
3.163222 1.033144 
3.166561 1.056561 
3.169899 1.005118 
3.173238 1.026633 
3.176576 1.025271 
3.179915 1.027878 
3.183253 1.024140 
3.186592 1.005936 
3.189930 1.018281 
3.193269 1.038961 
3.196607 1.034438 
3.199946 1.037241 
3.203284 1.042114 
3.206623 1.034485 
3.209961 0.999385 
3.213300 0.979704 
3.216638 0.996791 
3.219977 1.031337 
3.223315 0.994724 
3.226654 0.990099 
3.229992 0.983184 
3.233331 1.013119 
3.236669 1.007968 
3.240008 0.993413 
3.243346 0.995690 
3.246685 1.007845 
3.250023 0.980214 
3.253362 0.988306 
3.256700 0.972922 
3.260039 1.003378 
3.263377 0.985010 
3.266716 0.948678 
3.270054 1.016491 
3.273393 0.977245 
3.276731 0.990692 
3.280070 0.968798 
3.283408 0.966829 
3.286747 0.956452 
3.290085 0.933026 
3.293424 0.954303 
3.296762 0.960488 
3.300101 0.965419 
3.303439 0.943381 
3.306778 0.941477 
3.310116 0.968857 
3.313455 0.950835 
3.316793 0.956698 
3.320132 0.983392 
3.323470 0.981417 
3.326809 0.970753 
3.330147 0.939639 
3.333486 0.943773 
3.336824 0.964694 
